#            R0           |           T0           |          rho0          
3.173760000000000000e+08 1.140000000000000000e+06 5.585066666666666606e+03
3.173760000000000000e+08 1.140000000000000000e+06 6.622293333333333067e+03
3.173760000000000000e+08 1.140000000000000000e+06 7.659519999999999527e+03
3.173760000000000000e+08 1.140000000000000000e+06 8.696746666666665988e+03
3.173760000000000000e+08 1.140000000000000000e+06 9.733973333333333358e+03
3.173760000000000000e+08 1.140000000000000000e+06 1.077119999999999891e+04
3.897600000000000596e+08 1.140000000000000000e+06 4.547839999999999236e+03
3.897600000000000596e+08 1.140000000000000000e+06 5.585066666666666606e+03
3.897600000000000596e+08 1.140000000000000000e+06 6.622293333333333067e+03
3.897600000000000596e+08 1.140000000000000000e+06 7.659519999999999527e+03
4.621440000000000000e+08 1.140000000000000000e+06 3.510613333333333230e+03
4.621440000000000000e+08 1.140000000000000000e+06 4.547839999999999236e+03
5.345280000000000000e+08 1.140000000000000000e+06 2.473386666666666315e+03
2.449920000000000298e+08 2.913333333333333023e+06 8.696746666666665988e+03
3.173760000000000000e+08 2.913333333333333023e+06 2.473386666666666315e+03
3.173760000000000000e+08 2.913333333333333023e+06 3.510613333333333230e+03
3.173760000000000000e+08 2.913333333333333023e+06 4.547839999999999236e+03
3.897600000000000596e+08 2.913333333333333023e+06 2.473386666666666315e+03
4.621440000000000000e+08 2.913333333333333023e+06 1.436159999999999854e+03
3.173760000000000000e+08 4.686666666666666046e+06 2.473386666666666315e+03
3.173760000000000000e+08 4.686666666666666046e+06 3.510613333333333230e+03
3.897600000000000596e+08 4.686666666666666046e+06 1.436159999999999854e+03
4.621440000000000000e+08 4.686666666666666046e+06 1.436159999999999854e+03
3.173760000000000000e+08 6.460000000000000000e+06 2.473386666666666315e+03
3.173760000000000000e+08 6.460000000000000000e+06 3.510613333333333230e+03
3.897600000000000596e+08 6.460000000000000000e+06 2.473386666666666315e+03
4.621440000000000000e+08 6.460000000000000000e+06 1.436159999999999854e+03
3.173760000000000000e+08 8.233333333333333023e+06 3.510613333333333230e+03
3.897600000000000596e+08 8.233333333333333023e+06 2.473386666666666315e+03
5.345280000000000000e+08 8.233333333333333023e+06 1.436159999999999854e+03
3.173760000000000000e+08 1.000666666666666605e+07 4.547839999999999236e+03
3.897600000000000596e+08 1.000666666666666605e+07 3.510613333333333230e+03
3.173760000000000000e+08 1.178000000000000186e+07 5.585066666666666606e+03
4.621440000000000000e+08 1.178000000000000186e+07 2.473386666666666315e+03
3.173760000000000000e+08 1.355333333333333582e+07 6.622293333333333067e+03
3.173760000000000000e+08 1.532666666666666791e+07 7.659519999999999527e+03
3.897600000000000596e+08 1.532666666666666791e+07 4.547839999999999236e+03
3.897600000000000596e+08 1.710000000000000000e+07 4.547839999999999236e+03
