#            R0           |           T0           |          rho0          
3.340800000000000596e+08 1.140000000000000000e+06 4.547839999999999236e+03
3.340800000000000596e+08 1.140000000000000000e+06 5.585066666666666606e+03
3.340800000000000596e+08 1.140000000000000000e+06 6.622293333333333067e+03
3.340800000000000596e+08 1.140000000000000000e+06 7.659519999999999527e+03
3.340800000000000596e+08 1.140000000000000000e+06 8.696746666666665988e+03
3.340800000000000596e+08 1.140000000000000000e+06 9.733973333333333358e+03
3.340800000000000596e+08 1.140000000000000000e+06 1.077119999999999891e+04
3.730560000000000000e+08 1.140000000000000000e+06 4.547839999999999236e+03
3.730560000000000000e+08 1.140000000000000000e+06 5.585066666666666606e+03
3.730560000000000000e+08 1.140000000000000000e+06 6.622293333333333067e+03
3.730560000000000000e+08 1.140000000000000000e+06 7.659519999999999527e+03
3.730560000000000000e+08 1.140000000000000000e+06 8.696746666666665988e+03
4.120320000000000000e+08 1.140000000000000000e+06 4.547839999999999236e+03
4.120320000000000000e+08 1.140000000000000000e+06 5.585066666666666606e+03
4.510080000000000000e+08 1.140000000000000000e+06 3.510613333333333230e+03
4.510080000000000000e+08 1.140000000000000000e+06 4.547839999999999236e+03
2.951040000000000000e+08 1.583333333333333489e+06 5.585066666666666606e+03
2.951040000000000000e+08 1.583333333333333489e+06 6.622293333333333067e+03
2.951040000000000000e+08 1.583333333333333489e+06 7.659519999999999527e+03
2.951040000000000000e+08 1.583333333333333489e+06 8.696746666666665988e+03
2.951040000000000000e+08 1.583333333333333489e+06 9.733973333333333358e+03
2.951040000000000000e+08 1.583333333333333489e+06 1.077119999999999891e+04
3.340800000000000596e+08 1.583333333333333489e+06 3.510613333333333230e+03
3.340800000000000596e+08 1.583333333333333489e+06 4.547839999999999236e+03
3.340800000000000596e+08 1.583333333333333489e+06 5.585066666666666606e+03
3.340800000000000596e+08 1.583333333333333489e+06 6.622293333333333067e+03
3.340800000000000596e+08 1.583333333333333489e+06 7.659519999999999527e+03
3.730560000000000000e+08 1.583333333333333489e+06 3.510613333333333230e+03
3.730560000000000000e+08 1.583333333333333489e+06 4.547839999999999236e+03
3.730560000000000000e+08 1.583333333333333489e+06 5.585066666666666606e+03
4.120320000000000000e+08 1.583333333333333489e+06 3.510613333333333230e+03
4.120320000000000000e+08 1.583333333333333489e+06 4.547839999999999236e+03
4.510080000000000000e+08 1.583333333333333489e+06 2.473386666666666315e+03
4.510080000000000000e+08 1.583333333333333489e+06 3.510613333333333230e+03
2.561279999999999702e+08 2.026666666666666744e+06 9.733973333333333358e+03
2.561279999999999702e+08 2.026666666666666744e+06 1.077119999999999891e+04
2.951040000000000000e+08 2.026666666666666744e+06 4.547839999999999236e+03
2.951040000000000000e+08 2.026666666666666744e+06 5.585066666666666606e+03
2.951040000000000000e+08 2.026666666666666744e+06 6.622293333333333067e+03
2.951040000000000000e+08 2.026666666666666744e+06 7.659519999999999527e+03
2.951040000000000000e+08 2.026666666666666744e+06 8.696746666666665988e+03
3.340800000000000596e+08 2.026666666666666744e+06 2.473386666666666315e+03
3.340800000000000596e+08 2.026666666666666744e+06 3.510613333333333230e+03
3.340800000000000596e+08 2.026666666666666744e+06 4.547839999999999236e+03
3.340800000000000596e+08 2.026666666666666744e+06 5.585066666666666606e+03
3.340800000000000596e+08 2.026666666666666744e+06 6.622293333333333067e+03
3.730560000000000000e+08 2.026666666666666744e+06 3.510613333333333230e+03
3.730560000000000000e+08 2.026666666666666744e+06 4.547839999999999236e+03
4.120320000000000000e+08 2.026666666666666744e+06 2.473386666666666315e+03
4.120320000000000000e+08 2.026666666666666744e+06 3.510613333333333230e+03
4.510080000000000000e+08 2.026666666666666744e+06 2.473386666666666315e+03
2.561279999999999702e+08 2.470000000000000000e+06 7.659519999999999527e+03
2.561279999999999702e+08 2.470000000000000000e+06 8.696746666666665988e+03
2.561279999999999702e+08 2.470000000000000000e+06 9.733973333333333358e+03
2.951040000000000000e+08 2.470000000000000000e+06 3.510613333333333230e+03
2.951040000000000000e+08 2.470000000000000000e+06 4.547839999999999236e+03
2.951040000000000000e+08 2.470000000000000000e+06 5.585066666666666606e+03
2.951040000000000000e+08 2.470000000000000000e+06 6.622293333333333067e+03
3.340800000000000596e+08 2.470000000000000000e+06 2.473386666666666315e+03
3.340800000000000596e+08 2.470000000000000000e+06 3.510613333333333230e+03
3.340800000000000596e+08 2.470000000000000000e+06 4.547839999999999236e+03
3.730560000000000000e+08 2.470000000000000000e+06 2.473386666666666315e+03
3.730560000000000000e+08 2.470000000000000000e+06 3.510613333333333230e+03
4.120320000000000000e+08 2.470000000000000000e+06 2.473386666666666315e+03
2.561279999999999702e+08 2.913333333333333023e+06 6.622293333333333067e+03
2.561279999999999702e+08 2.913333333333333023e+06 7.659519999999999527e+03
2.561279999999999702e+08 2.913333333333333023e+06 8.696746666666665988e+03
2.951040000000000000e+08 2.913333333333333023e+06 3.510613333333333230e+03
2.951040000000000000e+08 2.913333333333333023e+06 4.547839999999999236e+03
2.951040000000000000e+08 2.913333333333333023e+06 5.585066666666666606e+03
3.340800000000000596e+08 2.913333333333333023e+06 2.473386666666666315e+03
3.340800000000000596e+08 2.913333333333333023e+06 3.510613333333333230e+03
3.340800000000000596e+08 2.913333333333333023e+06 4.547839999999999236e+03
3.730560000000000000e+08 2.913333333333333023e+06 2.473386666666666315e+03
4.120320000000000000e+08 2.913333333333333023e+06 2.473386666666666315e+03
4.510080000000000000e+08 2.913333333333333023e+06 1.436159999999999854e+03
2.561279999999999702e+08 3.356666666666666977e+06 5.585066666666666606e+03
2.561279999999999702e+08 3.356666666666666977e+06 6.622293333333333067e+03
2.561279999999999702e+08 3.356666666666666977e+06 7.659519999999999527e+03
2.951040000000000000e+08 3.356666666666666977e+06 2.473386666666666315e+03
2.951040000000000000e+08 3.356666666666666977e+06 3.510613333333333230e+03
2.951040000000000000e+08 3.356666666666666977e+06 4.547839999999999236e+03
2.951040000000000000e+08 3.356666666666666977e+06 5.585066666666666606e+03
3.340800000000000596e+08 3.356666666666666977e+06 1.436159999999999854e+03
3.340800000000000596e+08 3.356666666666666977e+06 2.473386666666666315e+03
3.340800000000000596e+08 3.356666666666666977e+06 3.510613333333333230e+03
3.730560000000000000e+08 3.356666666666666977e+06 2.473386666666666315e+03
4.120320000000000000e+08 3.356666666666666977e+06 1.436159999999999854e+03
4.510080000000000000e+08 3.356666666666666977e+06 1.436159999999999854e+03
2.561279999999999702e+08 3.800000000000000466e+06 5.585066666666666606e+03
2.561279999999999702e+08 3.800000000000000466e+06 6.622293333333333067e+03
2.951040000000000000e+08 3.800000000000000466e+06 2.473386666666666315e+03
2.951040000000000000e+08 3.800000000000000466e+06 3.510613333333333230e+03
2.951040000000000000e+08 3.800000000000000466e+06 4.547839999999999236e+03
3.340800000000000596e+08 3.800000000000000466e+06 1.436159999999999854e+03
3.340800000000000596e+08 3.800000000000000466e+06 2.473386666666666315e+03
3.340800000000000596e+08 3.800000000000000466e+06 3.510613333333333230e+03
3.730560000000000000e+08 3.800000000000000466e+06 2.473386666666666315e+03
4.120320000000000000e+08 3.800000000000000466e+06 1.436159999999999854e+03
4.510080000000000000e+08 3.800000000000000466e+06 1.436159999999999854e+03
2.561279999999999702e+08 4.243333333333333023e+06 5.585066666666666606e+03
2.951040000000000000e+08 4.243333333333333023e+06 2.473386666666666315e+03
2.951040000000000000e+08 4.243333333333333023e+06 3.510613333333333230e+03
2.951040000000000000e+08 4.243333333333333023e+06 4.547839999999999236e+03
3.340800000000000596e+08 4.243333333333333023e+06 1.436159999999999854e+03
3.340800000000000596e+08 4.243333333333333023e+06 2.473386666666666315e+03
3.730560000000000000e+08 4.243333333333333023e+06 1.436159999999999854e+03
3.730560000000000000e+08 4.243333333333333023e+06 2.473386666666666315e+03
4.120320000000000000e+08 4.243333333333333023e+06 1.436159999999999854e+03
4.510080000000000000e+08 4.243333333333333023e+06 1.436159999999999854e+03
2.561279999999999702e+08 4.686666666666666046e+06 4.547839999999999236e+03
2.561279999999999702e+08 4.686666666666666046e+06 5.585066666666666606e+03
2.951040000000000000e+08 4.686666666666666046e+06 2.473386666666666315e+03
2.951040000000000000e+08 4.686666666666666046e+06 3.510613333333333230e+03
3.340800000000000596e+08 4.686666666666666046e+06 1.436159999999999854e+03
3.340800000000000596e+08 4.686666666666666046e+06 2.473386666666666315e+03
3.730560000000000000e+08 4.686666666666666046e+06 1.436159999999999854e+03
3.730560000000000000e+08 4.686666666666666046e+06 2.473386666666666315e+03
4.120320000000000000e+08 4.686666666666666046e+06 1.436159999999999854e+03
4.510080000000000000e+08 4.686666666666666046e+06 1.436159999999999854e+03
2.561279999999999702e+08 5.130000000000000000e+06 4.547839999999999236e+03
2.951040000000000000e+08 5.130000000000000000e+06 2.473386666666666315e+03
2.951040000000000000e+08 5.130000000000000000e+06 3.510613333333333230e+03
3.340800000000000596e+08 5.130000000000000000e+06 1.436159999999999854e+03
3.340800000000000596e+08 5.130000000000000000e+06 2.473386666666666315e+03
3.730560000000000000e+08 5.130000000000000000e+06 2.473386666666666315e+03
4.120320000000000000e+08 5.130000000000000000e+06 1.436159999999999854e+03
4.510080000000000000e+08 5.130000000000000000e+06 1.436159999999999854e+03
