#            R0           |           T0           |          rho0          
3.173760000000000000e+08 1.140000000000000000e+06 5.585066666666666606e+03
3.173760000000000000e+08 1.140000000000000000e+06 6.622293333333333067e+03
3.173760000000000000e+08 1.140000000000000000e+06 7.659519999999999527e+03
3.173760000000000000e+08 1.140000000000000000e+06 8.696746666666665988e+03
3.173760000000000000e+08 1.140000000000000000e+06 9.733973333333333358e+03
3.173760000000000000e+08 1.140000000000000000e+06 1.077119999999999891e+04
3.897600000000000596e+08 1.140000000000000000e+06 4.547839999999999236e+03
3.897600000000000596e+08 1.140000000000000000e+06 5.585066666666666606e+03
4.621440000000000000e+08 1.140000000000000000e+06 3.510613333333333230e+03
5.345280000000000000e+08 1.140000000000000000e+06 2.473386666666666315e+03
3.173760000000000000e+08 4.180000000000000466e+06 1.436159999999999854e+03
3.173760000000000000e+08 4.180000000000000466e+06 2.473386666666666315e+03
3.897600000000000596e+08 4.180000000000000466e+06 1.436159999999999854e+03
3.173760000000000000e+08 7.220000000000000000e+06 2.473386666666666315e+03
3.173760000000000000e+08 7.220000000000000000e+06 3.510613333333333230e+03
3.897600000000000596e+08 7.220000000000000000e+06 2.473386666666666315e+03
3.173760000000000000e+08 1.026000000000000000e+07 4.547839999999999236e+03
3.173760000000000000e+08 1.330000000000000000e+07 6.622293333333333067e+03
3.173760000000000000e+08 1.634000000000000000e+07 7.659519999999999527e+03
3.897600000000000596e+08 1.634000000000000000e+07 4.547839999999999236e+03
6.069120000000001192e+08 2.242000000000000000e+07 1.436159999999999854e+03
6.069120000000001192e+08 2.546000000000000000e+07 1.436159999999999854e+03
