logT  -8.0   -7.5   -7.0   -6.5   -6.0   -5.5   -5.0   -4.5   -4.0   -3.5   -3.0   -2.5   -2.0   -1.5   -1.0   -0.5    0.0    0.5    1.0 

3.75 -0.770 -0.931 -1.123 -1.331 -1.546 -1.760 -1.962 -2.135 -2.247 -2.266 -2.187 -2.034 -1.835 -1.617 -1.375 -1.096 -0.797 -0.462 -0.093
3.80 -0.564 -0.602 -0.679 -0.799 -0.948 -1.114 -1.278 -1.414 -1.501 -1.511 -1.438 -1.309 -1.128 -0.939 -0.721 -0.487 -0.243  0.023  0.311
3.85 -0.539 -0.535 -0.531 -0.530 -0.548 -0.593 -0.655 -0.712 -0.746 -0.734 -0.673 -0.565 -0.422 -0.264 -0.075  0.131  0.344  0.575  0.822
3.90 -0.541 -0.532 -0.515 -0.481 -0.416 -0.322 -0.219 -0.127 -0.050  0.019  0.092  0.182  0.295  0.415  0.566  0.736  0.918  1.115  1.325
3.95 -0.541 -0.534 -0.519 -0.484 -0.407 -0.268 -0.057  0.195  0.437  0.631  0.770  0.882  0.982  1.081  1.198  1.330  1.475  1.640  1.825
4.00 -0.521 -0.526 -0.520 -0.493 -0.423 -0.282 -0.050  0.270  0.635  0.980  1.248  1.435  1.570  1.678  1.780  1.880  2.000  2.137  2.294
4.05 -0.495 -0.494 -0.493 -0.479 -0.426 -0.300 -0.074  0.254  0.656  1.086  1.476  1.786  2.007  2.157  2.270  2.373  2.476  2.591  2.721
4.10 -0.485 -0.481 -0.473 -0.454 -0.408 -0.305 -0.108  0.195  0.590  1.040  1.495  1.915  2.244  2.484  2.653  2.782  2.894  3.003  3.122
4.15 -0.478 -0.468 -0.457 -0.439 -0.394 -0.294 -0.116  0.152  0.513  0.948  1.427  1.903  2.329  2.672  2.922  3.098  3.238  3.360  3.481
4.20 -0.482 -0.469 -0.452 -0.428 -0.384 -0.294 -0.129  0.126  0.466  0.877  1.343  1.839  2.316  2.748  3.094  3.345  3.525  3.676  3.810
4.25 -0.484 -0.472 -0.454 -0.426 -0.378 -0.289 -0.136  0.100  0.430  0.835  1.293  1.774  2.270  2.757  3.186  3.520  3.764  3.957  4.118
4.30 -0.477 -0.467 -0.449 -0.422 -0.377 -0.293 -0.145  0.082  0.401  0.806  1.271  1.758  2.253  2.759  3.236  3.645  3.959  4.203  4.392
4.35 -0.467 -0.458 -0.440 -0.410 -0.364 -0.285 -0.149  0.072  0.391  0.804  1.273  1.768  2.274  2.781  3.285  3.746  4.119  4.417  4.639
4.40 -0.445 -0.440 -0.425 -0.394 -0.343 -0.264 -0.137  0.071  0.388  0.803  1.276  1.785  2.310  2.831  3.353  3.840  4.258  4.599  4.852
4.45 -0.433 -0.422 -0.404 -0.370 -0.311 -0.222 -0.090  0.118  0.427  0.841  1.318  1.831  2.362  2.897  3.435  3.941  4.388  4.751  5.040
4.50 -0.429 -0.419 -0.399 -0.360 -0.287 -0.179 -0.033  0.175  0.478  0.885  1.363  1.882  2.419  2.970  3.522  4.042  4.508  4.892  5.196
4.55 -0.425 -0.413 -0.394 -0.358 -0.283 -0.153  0.030  0.268  0.582  0.980  1.449  1.962  2.495  3.047  3.603  4.133  4.606  5.001  5.309
4.60 -0.428 -0.415 -0.396 -0.360 -0.288 -0.157  0.051  0.340  0.693  1.097  1.553  2.049  2.570  3.114  3.666  4.195  4.668  5.061  5.364
4.65 -0.425 -0.415 -0.398 -0.365 -0.298 -0.170  0.040  0.349  0.747  1.192  1.655  2.138  2.641  3.164  3.699  4.214  4.676  5.061  5.352
4.70 -0.423 -0.412 -0.395 -0.366 -0.307 -0.189  0.015  0.318  0.714  1.181  1.679  2.177  2.674  3.179  3.689  4.182  4.628  5.004  5.288
4.75 -0.424 -0.410 -0.392 -0.366 -0.313 -0.209 -0.021  0.268  0.652  1.109  1.611  2.132  2.647  3.149  3.642  4.114  4.547  4.915  5.199
4.80 -0.423 -0.410 -0.393 -0.366 -0.316 -0.220 -0.046  0.225  0.590  1.028  1.514  2.033  2.564  3.081  3.572  4.036  4.460  4.822  5.103
4.85 -0.425 -0.413 -0.395 -0.367 -0.319 -0.230 -0.068  0.187  0.532  0.953  1.427  1.937  2.469  2.997  3.500  3.966  4.387  4.744  5.016
4.90 -0.418 -0.407 -0.390 -0.363 -0.315 -0.229 -0.078  0.164  0.496  0.904  1.368  1.873  2.401  2.931  3.442  3.915  4.337  4.683  4.941
4.95 -0.404 -0.393 -0.376 -0.350 -0.305 -0.221 -0.076  0.154  0.478  0.879  1.336  1.835  2.359  2.888  3.404  3.882  4.302  4.633  4.870
5.00 -0.374 -0.367 -0.354 -0.330 -0.287 -0.207 -0.068  0.155  0.475  0.875  1.328  1.824  2.344  2.869  3.385  3.863  4.273  4.582  4.794
5.05 -0.319 -0.311 -0.300 -0.281 -0.243 -0.169 -0.035  0.181  0.496  0.891  1.340  1.834  2.348  2.863  3.373  3.841  4.231  4.511  4.700
5.10 -0.264 -0.251 -0.235 -0.211 -0.174 -0.106  0.016  0.215  0.509  0.896  1.350  1.840  2.348  2.859  3.349  3.793  4.155  4.409  4.584
5.15 -0.231 -0.203 -0.172 -0.137 -0.090 -0.017  0.101  0.287  0.565  0.936  1.376  1.855  2.347  2.837  3.295  3.704  4.038  4.276  4.447
5.20 -0.233 -0.194 -0.150 -0.100 -0.035  0.055  0.186  0.374  0.637  0.983  1.403  1.865  2.335  2.791  3.207  3.577  3.887  4.122  4.301
5.25 -0.276 -0.230 -0.177 -0.113 -0.032  0.076  0.223  0.422  0.678  1.004  1.404  1.847  2.293  2.716  3.091  3.427  3.721  3.960  4.150
5.30 -0.326 -0.277 -0.219 -0.149 -0.061  0.058  0.218  0.429  0.694  1.015  1.392  1.808  2.228  2.618  2.960  3.270  3.553  3.799  4.001
5.35 -0.386 -0.346 -0.292 -0.220 -0.129 -0.008  0.158  0.381  0.659  0.986  1.354  1.750  2.145  2.510  2.825  3.116  3.393  3.645  3.858
5.40 -0.426 -0.398 -0.355 -0.295 -0.210 -0.094  0.069  0.298  0.592  0.932  1.299  1.680  2.057  2.400  2.695  2.971  3.243  3.500  3.720
5.45 -0.451 -0.434 -0.405 -0.357 -0.283 -0.173 -0.013  0.214  0.517  0.869  1.240  1.612  1.971  2.293  2.572  2.837  3.107  3.365  3.589
5.50 -0.460 -0.452 -0.436 -0.404 -0.347 -0.253 -0.104  0.119  0.425  0.792  1.175  1.545  1.889  2.194  2.459  2.716  2.983  3.241  3.469
5.55 -0.464 -0.461 -0.452 -0.434 -0.395 -0.320 -0.188  0.027  0.340  0.720  1.114  1.479  1.812  2.103  2.357  2.607  2.872  3.128  3.358
5.60 -0.466 -0.464 -0.459 -0.447 -0.424 -0.372 -0.262 -0.062  0.250  0.644  1.049  1.418  1.742  2.020  2.266  2.511  2.773  3.024  3.260
5.65 -0.467 -0.465 -0.461 -0.453 -0.438 -0.404 -0.325 -0.157  0.139  0.542  0.970  1.353  1.676  1.948  2.187  2.428  2.684  2.931  3.174
5.70 -0.468 -0.466 -0.462 -0.456 -0.444 -0.418 -0.360 -0.228  0.033  0.431  0.881  1.285  1.613  1.884  2.120  2.359  2.607  2.851  3.103
5.75 -0.468 -0.466 -0.463 -0.457 -0.447 -0.426 -0.381 -0.279 -0.057  0.322  0.783  1.208  1.551  1.824  2.061  2.296  2.536  2.776  3.033
5.80 -0.468 -0.467 -0.464 -0.458 -0.448 -0.430 -0.391 -0.305 -0.121  0.222  0.681  1.124  1.482  1.764  2.005  2.238  2.473  2.710  2.969
5.85 -0.468 -0.467 -0.465 -0.459 -0.450 -0.432 -0.396 -0.321 -0.159  0.149  0.587  1.038  1.412  1.703  1.951  2.185  2.417  2.654  2.916
5.90 -0.468 -0.467 -0.465 -0.461 -0.453 -0.436 -0.402 -0.332 -0.188  0.089  0.503  0.956  1.343  1.646  1.901  2.137  2.367  2.601  2.861
5.95 -0.467 -0.465 -0.463 -0.459 -0.452 -0.437 -0.405 -0.340 -0.205  0.050  0.441  0.885  1.280  1.594  1.858  2.096  2.320  2.543  2.799
6.00 -0.466 -0.463 -0.460 -0.456 -0.449 -0.435 -0.407 -0.346 -0.217  0.029  0.403  0.838  1.234  1.555  1.824  2.060  2.272  2.488  2.746
6.10 -0.467 -0.463 -0.457 -0.448 -0.438 -0.422 -0.397 -0.346 -0.233 -0.014  0.328  0.745  1.149  1.488  1.762  1.980  2.167  2.379  2.639
6.20 -0.471 -0.469 -0.465 -0.456 -0.440 -0.415 -0.379 -0.322 -0.221 -0.032  0.277  0.678  1.081  1.415  1.667  1.857  2.023  2.243  2.522
6.30 -0.472 -0.472 -0.470 -0.467 -0.459 -0.439 -0.395 -0.319 -0.200 -0.015  0.269  0.638  1.006  1.304  1.520  1.685  1.864  2.104  2.404
6.40 -0.473 -0.472 -0.472 -0.471 -0.468 -0.459 -0.435 -0.371 -0.237 -0.024  0.259  0.587  0.891  1.132  1.325  1.496  1.701  1.971  2.279
6.50 -0.474 -0.473 -0.473 -0.472 -0.471 -0.466 -0.453 -0.415 -0.314 -0.111  0.175  0.470  0.722  0.929  1.116  1.309  1.549  1.842  2.147
6.60 -0.474 -0.474 -0.474 -0.474 -0.473 -0.470 -0.461 -0.437 -0.370 -0.217  0.030  0.300  0.531  0.725  0.916  1.136  1.409  1.717  2.021
6.70 -0.476 -0.475 -0.475 -0.475 -0.475 -0.472 -0.466 -0.449 -0.403 -0.295 -0.104  0.129  0.343  0.537  0.739  0.981  1.279  1.594  1.894
6.80 -0.477 -0.477 -0.477 -0.477 -0.476 -0.475 -0.470 -0.458 -0.426 -0.349 -0.207 -0.019  0.176  0.370  0.585  0.850  1.163  1.480  1.760
6.90 -0.478 -0.478 -0.478 -0.478 -0.478 -0.477 -0.473 -0.464 -0.440 -0.385 -0.280 -0.129  0.045  0.237  0.466  0.743  1.057  1.363  1.617
7.00 -0.480 -0.480 -0.480 -0.480 -0.480 -0.478 -0.474 -0.466 -0.448 -0.406 -0.328 -0.209 -0.052  0.144  0.378  0.652  0.958  1.246  1.485
7.10 -0.483 -0.483 -0.483 -0.482 -0.482 -0.481 -0.477 -0.468 -0.449 -0.412 -0.349 -0.249 -0.104  0.079  0.298  0.561  0.857  1.125  1.308
7.20 -0.486 -0.486 -0.486 -0.486 -0.485 -0.485 -0.482 -0.474 -0.454 -0.418 -0.359 -0.269 -0.142  0.018  0.216  0.469  0.744  0.995 0.000
7.30 -0.490 -0.490 -0.490 -0.490 -0.490 -0.489 -0.487 -0.482 -0.466 -0.434 -0.377 -0.293 -0.186 -0.051  0.131  0.370  0.646 0.000 0.000
7.40 -0.495 -0.495 -0.495 -0.495 -0.495 -0.494 -0.493 -0.489 -0.479 -0.454 -0.405 -0.332 -0.241 -0.122  0.051  0.279  0.537 0.000 0.000
7.50 -0.501 -0.501 -0.501 -0.501 -0.501 -0.501 -0.500 -0.497 -0.490 -0.472 -0.434 -0.375 -0.296 -0.188 -0.028  0.193 0.000 0.000 0.000
7.60 -0.508 -0.508 -0.508 -0.508 -0.509 -0.509 -0.508 -0.506 -0.501 -0.488 -0.459 -0.412 -0.345 -0.248 -0.102  0.100 0.000 0.000 0.000
7.70 -0.518 -0.518 -0.518 -0.518 -0.518 -0.518 -0.518 -0.516 -0.513 -0.502 -0.480 -0.444 -0.390 -0.306 -0.177  0.004 0.000 0.000 0.000
7.80 -0.530 -0.530 -0.530 -0.530 -0.530 -0.530 -0.530 -0.529 -0.526 -0.518 -0.501 -0.473 -0.432 -0.364 -0.254 -0.107 0.000 0.000 0.000
7.90 -0.544 -0.544 -0.544 -0.544 -0.545 -0.545 -0.545 -0.544 -0.542 -0.535 -0.523 -0.504 -0.476 -0.425 -0.335 0.000 0.000 0.000 0.000
8.00 -0.560 -0.560 -0.560 -0.560 -0.560 -0.561 -0.561 -0.560 -0.558 -0.553 -0.545 -0.535 -0.520 -0.487 -0.418 0.000 0.000 0.000 0.000
8.10 -0.580 -0.580 -0.580 -0.580 -0.580 -0.580 -0.581 -0.581 -0.579 -0.575 -0.571 -0.570 -0.569 -0.555 -0.513 0.000 0.000 0.000 0.000
8.30 -0.633 -0.633 -0.633 -0.633 -0.634 -0.634 -0.634 -0.633 -0.633 -0.634 -0.639 -0.657 -0.684 -0.707 -0.725 0.000 0.000 0.000 0.000
8.50 -0.704 -0.704 -0.704 -0.704 -0.704 -0.704 -0.704 -0.704 -0.705 -0.710 -0.725 -0.762 -0.803 -0.921 -1.272 0.000 0.000 0.000 0.000
8.70 -0.582 -0.753 -0.785 -0.789 -0.789 -0.789 -0.789 -0.789 -0.792 -0.801 -0.827 -0.884 -0.965 -1.056 0.000 0.000 0.000 0.000 0.000